331511095279747084
830777164433457222
1094723792145764392
1122241791505215599
763014621195403266
911212883747143681
1040354309587615794
889497253402783744
776399298878373908
706904978245025842
473493477506809858
917112440041390120
451745008861577226
709736561222090832
1122235935275352134
1122242994150576148
828791036741681212
571295049997090826
1096460180306272398
1122219134353150113
765595488632045601
680554713602850893
946906940028620870
575352834116157491
707685097913974845
680469864409989176
1022245038538895360
685232946483036165
766361000856780843
885978275535519825
788457645757169714
813429510375735317
658342328137941059
446253002257465344
771408576493125672
571295049997090826
629801428180926469
456948300671614989
571007427458236416
706627467359682610